2 2
19 10
11 5
26 6
8 4
14 6
11 5
12 5
32 12
11 6
17 8
13 6
24 6
5 3
26 10
1 1
4 2
6 3
22 13
11 3
12 6
5 3
38 11
10 5
36 12
14 5
43 13
3 3
18 10
1 1
8 4
3 2
7 4
13 4
25 10
1 1
2 2
7 5
25 9
6 4
38 13
7 3
36 16
1 1
4 4
10 5
30 11
6 2
11 7
8 5
43 15
10 6
25 8
14 5
23 10
3 3
41 15
4 3
28 13
1 1
5 4
7 5
24 9
6 2
5 3
1 1
1 1
1 1
2 2
6 4
30 11
12 7
25 6
1 1
5 3
4 3
5 4
8 5
32 8
7 4
17 7
10 5
42 14
4 2
28 9
6 5
34 17
8 4
21 7
10 5
44 18
1 1
10 3
3 2
22 10
1 1
13 3
13 8
28 11
1 1
2 2
1 1
16 8
1 1
10 8
7 5
27 10
1 1
9 5
5 4
20 8
10 8
38 14
5 3
31 10
1 1
10 6
8 4
33 14
11 4
36 17
6 3
31 9
6 4
17 8
3 2
21 9
9 7
14 7
5 3
23 8
1 1
2 2
9 4
29 11
5 4
4 4
13 5
35 13
9 2
35 15
1 1
7 4
4 3
2 2
9 5
33 13
1 1
21 8
10 5
12 4
34 13
2 2
26 8
1 1
2 2
8 4
26 8
8 5
6 4
9 4
29 10
12 5
15 6
4 3
17 7
11 6
29 8
6 4
26 5
8 4
37 14
13 5
26 7
3 3
16 8
1 1
8 5
9 3
28 12
2 2
31 10
8 5
36 11
9 5
36 10
7 3
21 6
34 10
11 3
15 7
1 1
4 3
11 4
7 6
6 4
21 8
11 5
25 9
3 2
14 8
1 1
23 8
1 1
26 8
6 3
17 8
4 3
15 9
2 2
9 4
5 2
32 13
4 3
33 13
17 9
8 4
11 4
14 6
21 10
8 4
37 15
1 1
13 7
9 3
38 11
3 3
26 10
1 1
39 16
9 6
17 5
16 4
32 16
8 5
30 12
6 4
18 9
1 1
16 9
9 5
38 13
9 2
35 9
13 6
18 7
11 6
25 11
6 3
35 14
1 1
2 2
4 3
39 14
13 6
29 9
5 3
27 10
6 5
9 5
9 5
28 10
2 2
31 12
13 5
26 9
4 2
20 7
11 6
34 9
6 4
39 8
10 6
28 13
8 4
33 13
3 2
34 16
1 1
5 3
1 1
6 4
1 1
12 6
4 3
15 8
4 3
30 13
7 5
25 7
2 2
26 10
7 4
43 13
8 6
8 6
9 4
23 6
11 7
30 10
9 6
23 12
7 4
43 16
5 4
25 13
5 3
31 11
6 3
28 11
9 4
25 9
10 4
30 13
29 12
1 1
26 13
6 4
28 11
1 1
2 2
4 3
3 3
13 5
25 8
8 5
22 8
1 1
5 4
5 2
37 11
1 1
3 3
9 6
29 8
1 1
37 14
11 4
17 8
7 3
9 5
9 6
39 21
10 5
46 18
9 5
34 14
12 6
29 11
8 5
33 14
7 5
31 14
13 4
22 9
1 1
4 2
15 5
9 4
36 12
7 4
27 12
4 3
18 7
7 4
21 8
2 2
28 8
1 1
3 2
14 5
10 4
3 2
31 16
3 2
8 5
1 1
2 2
1 1
7 3
9 4
26 12
9 5
6 3
8 5
22 10
7 4
25 9
9 4
24 6
1 1
8 3
3 2
15 6
1 1
9 6
11 5
15 6
1 1
4 3
6 3
23 10
