1 3 8.460635 25.350000 -118.328544 34.097347 -118.600954 34.036252 55c0157594bf340ea353403fc5c8486cd02ffe444beae8b45ed3289d90f949f1
2 4 11.120327 24.050000 -118.086639 34.151907 -118.496565 34.010235 08affd527ca92fbd4d4e96a1148b3dd77baadbe32884c28844d0da61526e0429
2 4 20.847185 40.300000 -118.272108 34.046271 -118.237187 33.843492 542af74046564bd65b5a4383e5627124f0cb48a4cf72d12a2f925a2313158712
3 1 7.313976 113.100000 -118.759128 34.144528 -118.045576 33.771735 3d71b57493ed19bbb371b379460f2305941f02b9f029fafe0179bbdfb6091e8b
1 3 10.555734 35.750000 -118.141872 34.133513 -118.317064 33.859037 685c90b209afcb52a4b89ce4dbf0cdabd94fb0a09e1cdac374d3102214025325
2 4 14.269199 29.900000 -118.598895 34.261425 -118.367591 34.144015 467cff12ab9d8ca5c351683a3684e8a1eb602849e1db8d6a6017f5ba2fe417ea
2 4 13.984064 43.550000 -118.126958 34.074351 -118.346129 33.931009 346d67169478ac3f8a6fe6eacc3e7a9ea76e28ca3712765716f99c8dd863363b
5 1 1.153615 19.500000 -118.555973 34.200146 -118.225646 33.969937 4641b18f2529a7a1cc5cfce6479fb298d5073cdb327c08b34d4dcde3fcfc8a72
3 5 15.287165 29.250000 -118.330514 34.019405 -118.322133 33.943442 012b412c15a3ea4fa0737196eed49b85e9e7a254ec360cb63ba85dc5cf2d6c90
1 3 16.272938 18.850000 -118.101688 34.017160 -118.356475 33.928993 56a251f94a702a9add3887bb21d4b24a8fdb7f193face76a7a549ea47e45ed92
3 2 6.490060 29.250000 -118.068618 33.907106 -118.245614 34.113453 55634bf2f78c51048234583f2a8eaeb2a4d5da18131e4c2fdeaeacf545a60190
5 5 14.351076 22.100000 -118.154346 34.053554 -118.070182 33.999946 2c0a4f1d47701dd981f2e77b3433045c4121e5237e7912d009b20f17a950cd4c
4 5 8.573236 29.250000 -118.244759 34.067089 -118.493277 34.018636 2a08999af0543cc2e1d9a18dd3c362da20bb456b699cd4df467963b7561f6cf8
3 4 14.339399 39.650000 -118.276557 33.913493 -118.261746 34.048282 2063c31d46dfbd3d67be1d11918fd4e28b6732c87a6b28f1c8f9f7bfc85c9245
1 5 18.169801 64.350000 -118.372835 34.057700 -118.424141 34.024415 027e23f999f5aa91e8268c134f783ffc24ffed675a6cdf273725719d039776cf
4 2 6.567346 23.400000 -118.337120 34.002603 -118.440609 33.982405 1cbd9d2452b2d22a9a6e99fce3226751c1292b79db57292a5646abe5e1b2bad5
1 2 5.439436 19.500000 -118.395012 33.952519 -118.197073 34.115097 03c9bc558553f70b82d37796b543be8b97e3d50e4296a687a5f9495dacf51b9a
3 5 9.541953 31.850000 -118.511246 34.216677 -118.505140 34.256610 1ad5e279d3abfdf2a8708f368e3dced0857ce428a11e91cbc213cc838033a665
1 5 17.475065 26.650000 -118.082302 33.896709 -118.194134 33.758620 2eeb6ff5dd91b354e9f7609a3824971deb9fa9a55d04da0b4fcb8dee34f492a7
1 5 12.325250 16.900000 -118.089898 33.732124 -118.130281 34.065954 2c5428eea84f35531dcaf54d7fbe3c4c08b74b80bf3fea39bf3eb20e38a91245
5 3 14.223226 30.550000 -118.391620 34.131577 -118.440588 34.153019 3ce43b8ebc601af6b88e910a6a4621e6fc2eafb443876b7085c224077de28fd8
1 5 14.449833 22.750000 -118.390704 34.085235 -118.486222 34.012263 03b08e8546c49edcec3bf7cf26020e5edb378c6e6ec3f032e0f800979848de1f
4 2 4.977962 29.900000 -118.325237 34.105745 -118.090687 33.778593 3305d0cfa2f6dbe30f98b18cd550751647a07917d105b63d6c522a5abc66df4f
2 3 10.855635 29.250000 -118.363522 33.935381 -118.400225 33.866118 248f5695715bcc2ab60751b8c6a8826569b13d3dba1ef07523ec013562fb6995
3 3 9.440903 19.500000 -118.406276 33.996875 -118.034324 34.138701 5d972a4cb6608f4b4d0f0b0b9aa9cf4699d8b267f6fd1dd4bf97ee078a9e04fa
5 4 13.907531 48.100000 -118.397849 33.920921 -118.510677 34.022980 279bc3c9ed4b61dd9498e37f7c2f58737d96a25536a721be572bdbf0361a7b59
3 4 6.638069 27.300000 -118.279595 34.075842 -118.399140 34.161116 1af8dc7bffbe888c8ae79c2c2702082d4e43bc30600e5e2a04f3914cb1564687
1 4 15.308292 97.500000 -118.216074 33.824285 -118.458011 34.157361 106063c2d8c8146077f89e7fe2eae5ee589e996b20cde7b5c1635b6c66fa4447
1 1 6.117161 20.150000 -118.044710 34.136707 -118.323262 34.183651 3af9ea01c45925927e443e09f396acc4193c38ce6b91356e86bfcd5e49809fb4
4 2 5.387071 31.200000 -118.372960 33.886967 -118.179651 33.916746 28ecdbc5374e94b7f982feb81dc0edaed941baa154cf7076f9888837c182e51b
4 1 3.729174 42.250000 -118.484838 34.113348 -118.390802 33.914535 40bac9e52cfc4f239bcb5a120ae43d7071b2861ad35c29fd3c2019658c4af860
5 5 21.863731 24.050000 -118.264054 33.799446 -118.183379 33.931550 30f524fe83d27d97a4e9446de5361e6831d23b30604927ca32b07c91f1e860a5
4 5 9.942463 25.350000 -118.463184 34.071068 -118.079585 34.145511 54cabf3cc0654ae0e2a108d5d41064627df52212490e8a6703a8b86902ec5104
3 1 1.824825 25.350000 -118.651194 34.274350 -118.762332 34.283336 42c7fe7a2ee8ab70f5819cdb0f82949a6ffa04ab398f475c72d30f355cd8905c
4 5 10.147462 40.300000 -118.114460 34.154304 -118.384211 33.931345 298b7e395c0703080982ec3f19e0c1b68f119ce8a038be41de41dc588bef85e8
2 5 12.020312 18.850000 -118.264625 34.016694 -118.405356 33.950499 4d93c97ee6218303eb178ac317180c5bafea6f472f0ce55b3d03962b14b3dc29
4 5 8.844982 22.100000 -118.180479 33.963157 -118.486222 34.012263 3382663ab917160f28ff0a26e3e6f39116e2ef22b61c41968b78451766006991
1 1 3.193534 16.250000 -118.107405 34.147910 -118.458006 33.986759 20022cb3fb247e8014127bfe1c1d05269bdac87850446222bfcdf25c3b0f6851
1 4 14.500699 31.850000 -118.098363 34.025559 -118.462240 34.024718 0535fcad32cc2ca94aa90ec6d95e7ec4cb620f479d2d5bff9f2f456f027f2ee5
5 4 8.035154 45.500000 -118.255124 34.065079 -118.458006 33.986759 0bca6b11ae0d64b023420881880f1082b6a09447aeb9d8aaa29e49b40dae7ae9
1 3 10.974614 16.900000 -118.356025 33.905795 -118.489988 34.027038 137d2c9cc410c797d3f9f34530dc568f26292eb4d17bb846bcd7aa250624743b
2 4 10.344456 32.500000 -118.520637 34.168339 -118.614311 34.173165 22550043435a36656cc898cea2a1b5e86b6f79104287441083c185b6f2afc0ec
2 5 23.662805 56.550000 -118.336494 34.150072 -118.176337 33.925149 3829848435d92c6b0f679f79112a860cb0362c884344bcd8ae8d42d15644fa31
4 2 5.352911 20.800000 -118.648637 34.158645 -118.444823 34.190942 005a479d33bb1b75b5964c50cac1ddca49bae5bf47f5b1fbc23a13e2c79e843f
2 5 16.231918 18.850000 -118.314873 34.107761 -118.440609 33.982405 16467f39ccdadf4205fc1e04772defdb642921e8861c591fd7764f836fd69435
4 3 12.984020 35.750000 -118.244331 34.043903 -118.305405 33.791410 264fc167eedc3a6f52bd3c46eadf75dabbd69b46d0153df6683dca68bbda42be
3 3 9.560695 38.350000 -118.247755 34.229308 -118.267216 34.155782 45124e36bb912463c922f2ca6dda2bf295516633450a38b339b11c30da494bd0
1 2 5.308821 30.550000 -118.452359 34.220464 -118.389233 34.186301 3bf20f7c82dd06c11b875afdfaa71c0ae9469e3c6a1fb0d28fc5eb386a4cff53
4 2 12.490964 21.450000 -118.275418 34.037872 -118.338906 34.095331 3f7853009670dfa106d8fb8e64a6d096fdec49cd179b995c2c19981cce8cc9be
1 4 9.412676 30.550000 -118.338191 33.878217 -118.301229 33.753380 36caf7fa020b612832ff38e80a110e6befbeb4ab2870a2f53a55a30f2dc13b51
4 5 17.696940 22.100000 -118.266351 34.109431 -118.536233 34.250509 4419fbab4a840d2d1e539859bc7c4e8466142e94b5de1f69d9fbb37e8ed0749d
5 3 10.140977 40.300000 -118.309139 34.170895 -118.460845 34.296268 075ca61234d88143f76406eb54dbedfb2b0f9d191ea36eb0fbf20748ab1a59ae
3 1 2.316137 24.700000 -118.086639 34.151907 -118.285778 34.035860 50a499fef8c68f35c94f7dd2ab73a3802de2d112bfcc266eb5c86418d8af5971
1 4 9.229906 31.850000 -118.324793 34.082568 -118.466004 34.039494 3419dbd4b563f2e4f78e644c2269ea835604ebc20674977a493c77cc02b9d981
2 1 2.340575 33.800000 -118.298768 34.172910 -118.097023 34.149909 043a2fb443c7bb061811938e86c2ff81f1ff86523cfd2eab2bc0d1286a820009
2 3 14.139329 24.050000 -118.286214 34.059045 -118.359628 34.091295 028a9ece98b8bc104a25586b48ebb465b9ae19c8ea155c17e45af9cab4b0cc83
3 4 7.501488 24.050000 -118.269231 34.077854 -118.510280 34.170372 25d90b816b729090e2e08121e34256805a5142fd5a03b6db47c1f3433a5d3715
1 3 14.220307 45.500000 -118.441525 34.199337 -118.360531 34.137639 09569518ca44a3e7f4ea216be9f6d3e53ee8596938b5c41be09a82746383dbf9
3 2 4.978966 48.750000 -118.360531 34.137639 -118.534770 34.181065 0fa88edfd229323d7feac9f4c3a3badfc6fe01c75a29530ff3beaec52a396600
1 2 10.118636 31.200000 -118.493815 34.212346 -118.156894 33.804664 33f4dd569dcc9bfaf14a8c4e6b816817e6c125534f082dca8e1c1af3ea7a4a00
4 4 15.599047 50.700000 -118.342211 34.086933 -118.145603 34.148300 24faaf13e9aa350e85c388decf1837c76c74c6df15a27ec30fafda76c34cdf80
1 4 11.174196 21.450000 -118.424141 34.024415 -118.374320 33.956557 2e97894b2c9c81478e1a8d22659e6324bc2ac41af1cedf8f288ac2481a27619e
2 5 16.838823 47.450000 -118.070182 33.999946 -118.170552 33.794257 02277b0b13f0c9e8fff7aed5f4c4680f7d770a00d17e665d523a719dd9f6af89
1 4 12.895763 26.000000 -118.398307 33.944115 -118.472140 34.170097 2d32a1cfeebccb56a3b53407c178ce22354d7241ac73fb932d607ceb5c2db959
4 5 18.566385 20.800000 -118.496565 34.010235 -118.356475 33.928993 01934dfc17b80ab3cc98ed3df4d356b843986a6a8dd81d5e0b0d4d69fb83ef7d
2 3 16.777106 27.950000 -118.074292 34.037950 -118.238985 34.130245 3138f6c445ccfefe67be460e3ba3b7cc21be36fd29da865a28850683a437fc61
5 2 12.736631 29.250000 -118.163928 33.811073 -118.303629 34.063418 14dcdc42496a1504c760f5e1b8cd878dff4fe64edaa805bdbc856a13673d0f7b
2 4 10.661796 65.650000 -118.296575 34.057032 -118.362931 34.082897 22c8d0a79d8f531d5107e83987a2817740f17177e34212814e45702b04529cf5
5 4 11.758702 39.650000 -118.254818 34.235688 -118.451889 34.197310 22c1fc3568c26c9ba83bad935e42b2222323a8194ebdf1cb12af9a98d5e7a6f6
4 5 15.766999 31.850000 -118.400059 34.207437 -118.649361 34.034460 249d2bf5269f0db4190bf2eff06e845239128b92a7a5865249ceda575d601582
3 5 14.514736 16.250000 -118.261610 33.854285 -118.139513 33.800253 4dd50ffd721447c6b8ac47f78f238b4ddb748da709ebcba88db7e1bc7ca61ca7
3 2 4.410807 24.700000 -118.338906 34.095331 -118.169682 34.135899 473a4f98ce931bfac082f78d868be26247a3e12ddd2d972f9a0b362ddc55c3bc
3 4 15.594964 31.850000 -118.465548 34.186887 -118.466495 34.233193 47458d0c07f413b587d0312fd27bfa4289bb9d646b44c42a5fb6fd892d4a50ac
4 4 12.991504 36.400000 -118.393639 33.882931 -118.440609 33.982405 297a58c53c87f9a7613a4435b61509d10f8b1899a2f2706a17b5d9c440c182f7
1 2 11.068409 44.200000 -118.272108 34.046271 -118.355424 34.053338 0d41e17f3070690a474cc6d46f227c5185c3229980ea78c90b7f5a103eade6db
2 5 5.788945 58.500000 -118.030990 34.147094 -118.135223 34.150302 0ded4dabee083f3d70c9d18ea9caa076b7ac34613045e0bff0d74447235aa73b
5 5 8.461567 52.650000 -118.086244 34.128723 -118.460845 34.296268 221a98569bf933defbbac518349cec5ee256e89f65e59164f624bf96547849cc
3 3 15.827075 38.350000 -118.354974 34.030156 -118.159757 33.967161 403a38873e6b38de0a083bdd27ec9f641dccd8496d3958122fe009f2ca6632ac
1 4 8.667985 18.200000 -118.330959 34.042589 -118.560740 34.261186 118d0f38df1d020b8bcb0c157b9265f8a806ea03dc5e1b8f75ebd98594195f4c
1 2 9.157757 29.250000 -118.370117 33.918572 -118.348819 34.070136 086b430ac23e3c47be9453e744811a61dc4110b0fd6832ef2881318e287b4395
4 5 15.356178 22.750000 -118.000086 33.741618 -118.328544 34.097347 1311012540a041757ff211def52868fe5bce99597d91d5d0c9ac0a5d73e89340
3 2 5.378352 25.350000 -118.304508 34.109776 -118.423213 33.978048 06d510feb6dd498f3d84c6893f09fe39e8c7120a409d0645a175b9eb506e49c9
2 4 22.774600 30.550000 -118.477777 34.106979 -118.347758 34.194384 1ee85f9e6d0311c005a79aaec5618ae98a07a5d6e1ac062a3b380d6caba97dd7
2 3 12.004396 33.150000 -118.600677 34.183601 -118.265488 34.063069 5b9641c70a1c2b176c8090287adf62fdbaae71b8acf055a1e69468fe103c7ea7
1 4 9.308116 26.000000 -118.520637 34.168339 -118.547228 34.441901 293c043532a84bb650f025f2577b442067166c18142a9f70c48d8f6d5a846650
5 4 25.720239 44.850000 -118.564197 34.423091 -118.410494 34.034838 10ef250bb82cb995648a6c3ef176334a3ccbe639198012d0a346ba0759c688c3
2 3 12.357140 21.450000 -118.721042 34.144328 -118.228612 34.132254 37ef257325fc525cd0dc0ebd01b1ba4fbf37a0567224a2597fd3d9debad57f5f
1 4 16.027900 39.650000 -118.314204 33.890650 -118.427435 34.016013 23e3a2a3785f4416bfcf77584209de5faf01fbb51efc276fb22ffce8f300e11c
3 3 11.507214 16.250000 -118.339353 34.118505 -118.407658 34.066416 45ed6bce9aec1c003a0c69b85bbed732ea8b7afe46a45da55f6791c2fea39afb
3 1 2.806653 19.500000 -118.173830 34.173860 -118.028960 33.813772 473060ef4b27e4df306d944f89de84c45b4ce005e5b7e7c208e799ad258a7140
2 4 18.471861 27.300000 -118.368044 34.167181 -118.248071 34.058691 2de10f2108663b1c092c76ccfc1fe748f0f51b6c67bce7955ed191935bb4464b
3 5 13.165076 42.250000 -118.204892 33.779844 -118.140653 34.063953 1f640e4029077fa5f570f2d93f1622632d2def0feaa0335a7084069dd82ec2a4
1 3 11.844216 28.600000 -118.185864 33.876726 -118.007490 33.771280 08150acefc97e765b35486331271e3e5a4ece3d7f9ce0b76c0084f322e2bedf0
5 5 19.380164 29.900000 -118.360531 34.137639 -118.261746 34.048282 1a76798b0f3da99668f4771011ca9601ea056fd400be05953c5785f210adddd2
5 4 10.570100 24.050000 -118.052606 33.778153 -118.135390 33.762204 2e8cea524c7d0d79802285fafef2a83db29de77291ab1afbad456d18502385ae
5 2 10.293942 62.400000 -118.478766 34.323736 -118.560902 34.431477 03a2f3b3b97562cec9962791039093a6235f7849853df8811aaa67ce81ffaf91
2 4 16.774838 26.650000 -118.244331 34.043903 -118.371348 34.158786 00d5477bf190dc63e19b93fe1438e73c30300df026c0ac1ea016c409cc3532d6
3 1 1.196543 28.600000 -118.019840 34.102707 -118.470267 34.247949 37b221c2abfde55951c1aae5c5afe47c46b591a7e63c9c316e1d706cd96a3ff7
4 5 20.707837 80.600000 -118.139436 33.994365 -118.258005 34.033494 243bc48a8c617c6679783ad96ebc4a1015d707d98ed814b613bd15b493c17aea
3 4 12.728344 27.300000 -118.369988 34.089276 -118.393639 33.882931 31bee92b62c7e113f099a7c85568a2f21b4224dd42bbad853a38d71fbf40abda
1 5 17.060264 16.900000 -118.360531 34.137639 -118.351672 34.038556 130e9840e8316443ed42d59ff8492108a7929cecd1999a0733cca0d649252412
5 4 16.534529 40.300000 -118.293267 34.065431 -118.209922 34.058324 47ecbcdc3d3e073d1e20ad71d143115fc82190c1374c61e43f5fa9d0c259cb8b
5 1 3.137673 42.250000 -118.384666 33.954538 -118.299243 33.831443 4dac3bd9c3de0a8f3ee2edb82d8d42bff1a27ab6c81ffd05298979a824afb6b6
1 1 1.185982 33.150000 -118.651916 34.150248 -118.535257 34.204216 44a32159e625a9de3ba5aad5ac4f4ea919a9fc94653fe575eaf5a4c9079c223a
2 5 14.208709 23.400000 -118.275418 34.037872 -118.500333 34.025009 1a52f0003f313f85cb58f7b91c53a26fcfc17b8fd6b9e39b71278c50fa1b803c
5 4 14.030985 28.600000 -118.272974 34.092638 -118.132707 34.205048 1cd63a354c24d20ca9c3d30063d71f7c9077697d9510eb699605688ab1b34391
1 3 9.708229 16.900000 -118.449061 34.228857 -118.258435 34.056681 29017c55157a3db3b659435893226643f26e5275d1a4ef7a284c4c8e6ede7a42
3 3 10.758178 19.500000 -118.326322 33.981428 -118.109263 33.852690 049aff7a09f286ca94f843f70cbecda03c2bbacfbab94066f34ae64d679eb96f
2 1 2.688783 15.600000 -118.095832 34.080347 -118.153173 33.789847 41cd10a9225f4d18b8363c0585e738db6b58dd5bdfdfb16e5e156eb7c7f2604a
4 4 7.947605 46.800000 -118.145603 34.148300 -118.013551 34.142686 2e91b89d98d224ed23bb7ceeeb23ce38eacd5a175fd2da07259dd8e3b007963c
4 4 14.817356 36.400000 -118.530993 34.166307 -118.241019 34.052301 45dca1cb93e002dbfd6e338c561177f6168c65d263a26a3ef87d76239378c593
3 5 15.436535 79.300000 -118.438250 34.037169 -118.393182 33.859729 5fab599acd66af91b7aa8d9a10add9884b2954e395f986bc525e58bbf0339814
2 4 15.247404 29.900000 -118.228344 34.496320 -118.492437 34.313315 0ee4e3542bef34409279eb49d119ce6686810231087a6971d9b2195852357353
2 2 6.868409 29.250000 -118.216187 34.212174 -118.344451 34.202778 1bcff1ba6c9c8700a8a19c890e9fbf2e922b0ab308dc6eb15f85f6b3919dda14
1 4 12.859926 18.850000 -118.335601 34.103728 -118.340869 34.017389 248f96872411793ea17e77ac691ed953b366a85a2da7fbad7021dd6935ce532c
2 3 10.680732 38.350000 -118.320601 34.044605 -118.248071 34.058691 11dc336404f23be31264ee093121f19297ff086cc93b30fd2b4fd9e36e2ae589
3 3 10.793554 48.100000 -118.251383 34.050292 -118.197073 34.115097 1ca38e86d53ea44cc47cd24ea78e07e3d4f8af3ef0567b1fb5ef95151ad47923
2 4 19.550608 30.550000 -118.359177 34.068118 -118.278726 34.029472 1f149085e0bb4928e3422deef0c4360135fde7d641cab4f52079723fb8571a2c
5 4 21.925688 24.050000 -118.265488 34.063069 -118.562548 34.183355 346c3471e8c6c25f49152af0630d6061b3e7f81a2ad4a5b777d0cd4378627f0f
1 3 11.234574 24.050000 -118.070182 33.999946 -118.248071 34.058691 3817c9a57948adb7a748634ef2c720ee11098d05b44751f5179800dcf3e89258
1 5 15.823210 94.250000 -118.393182 33.859729 -118.073307 33.774170 1f0e198204dd4b3fc68f2fee7c588fffe97432bb3904f212b5493984c8ad2700
4 1 2.160702 24.050000 -118.005604 33.655056 -118.328544 34.097347 02490477ac75e726a723425c77950107c9ca02cdbc33e49995dbaae101cdfb54
2 2 8.641728 24.700000 -118.262177 34.071467 -118.533429 34.282042 52189f4c94ccb17b4a31e0a4220d7b767131390b3215d5209fd47a49f8d16237
1 3 10.504176 39.000000 -118.454715 33.995161 -118.507389 34.031381 1fab8918bbb26ace3f0068419b9068584ef98bc15929cd6ba1c6fca99cce0bbf
5 5 14.751220 50.700000 -118.258865 34.079865 -118.395012 33.952519 33d0d19c3fd3467d1543db433109d4486c6f01841b6675088b2043273fdd357b
1 5 10.847155 30.550000 -118.465548 34.186887 -118.332482 33.941428 14b598a9265e56a8759ef60be57b061ff1ace564e8703c4d287c6bfe4c9738fe
3 5 10.514658 37.050000 -118.083483 33.966345 -118.133199 34.034362 45ca196cd829a70f932639575d9ec306ec416aa1aeb5e41232fab5991bbe18e0
4 1 2.979824 26.650000 -118.275851 34.061058 -118.137331 34.072350 4d344043c1f370baefda535654c73a878b659c1dd03120913c109b7acd014ddf
1 3 12.636449 56.550000 -118.065088 34.109528 -118.477777 34.106979 31531c647b8450fde303eaae6faaaa1593b20089011c46a023140cbcd2d408e3
1 4 18.258664 29.250000 -118.081733 34.067548 -118.295068 33.793420 2061647b74f228cae0cad89c72315268dcc0c58760b4aafbbcaa8aa0b0c93c7d
2 4 11.012121 19.500000 -118.239314 33.959528 -118.268366 34.031483 0bbc78a480b0459a3f2f0664d600438b7211a820e98a00905eae9670499b2021
4 3 10.236158 44.850000 -118.262177 34.071467 -118.093454 33.941141 2075015940d0b754c034526d8fff3e048521ac2d890014ce72357abaca2a077b
2 5 14.636130 33.150000 -118.426971 33.992831 -118.375682 34.026119 296dcef6b0f5a226190c931d796513422518dfb0cec22d7c283dd7d794715f8e
2 5 14.175554 38.350000 -118.258005 34.033494 -118.236004 33.967930 201a2f96a7c9d3607b1bc832b4bdc4e47ab842b4a82a84448d796ae3777db0e8
4 2 5.692900 43.550000 -118.083657 33.772178 -118.394554 33.929326 46ac595c9c52dd69e10bfd1093e1e2431e488f42aa94e21a11969197223ea67d
1 4 25.180828 31.200000 -118.310242 34.046620 -118.264194 33.993502 5aa15deaa613f60233c187cc13142ed6c034031272925b9061850515704c5a48
5 4 15.879045 26.000000 -118.256843 34.157793 -118.392077 34.154743 3c8372f3d33d65b088644702d5497ab3af6364df3430481c855aa67bbe4c9b10
3 5 9.291100 106.600000 -118.348532 33.876203 -118.201166 33.765028 09ca289a35d02751195eedae93a68c34885cb42910699df12527e253c666c794
2 1 1.154201 23.400000 -118.117787 34.145910 -118.387963 33.946135 3081557d8e031c3c84c4c6713a702523f71de8d47c74c5fbd1e7bcd108b10266
2 2 7.697516 58.500000 -118.378526 33.994533 -118.353176 33.937397 46aa7291eb27bfb992c1a7518e73bf67e51d17c0f34a746d770d2f7581d2b5a4
5 2 5.109342 27.950000 -118.124842 34.152303 -118.273408 34.115816 5271dc61f2930f5d306c38d73de499aca506f1e2df8e40e20d6c7e49b79c17ed
2 1 2.296956 26.650000 -118.413329 34.003255 -118.776535 34.148823 07ad07ae308daaa3c935dee132a1a7719e525067df5f92197d0e129809fca519
2 1 2.210821 27.950000 -118.596893 34.168848 -118.450948 34.150992 0c00e1c451985aa598cad1d1aeacff3656a9c06c78567b3d97ecd5f604cced76
3 1 4.357529 23.400000 -118.700359 34.148423 -118.396297 34.192673 2467ed1c0c07369e53a1c67cd4f9b3e63fe164d5f510f26f6bc5305ed6da2f0c
2 3 18.182911 16.250000 -118.328544 34.097347 -118.398307 33.944115 11455a1ac404e0e1eef39597211634fe8ebf07ddd0d26d146e3a53f848b57bba
4 3 9.109653 31.200000 -118.538059 34.172669 -118.341763 34.063755 25f31c63b3d7155660cefc29b2beafcd3840d7c1e0b18292e247b9ec8df229ce
2 3 10.771187 29.250000 -118.355126 33.859389 -118.386491 34.047281 463f3b2bd1a4456a641fb3bbd9cf56aa9505c660e13f69f816d7abde85bd4a4e
2 3 14.230101 23.400000 -118.353625 33.960591 -118.436796 34.308715 31c3f0fea28267b355b1ab30e0597d7bc1f6f4f0149e991e61cacfb698939bfe
3 3 11.319676 51.350000 -118.258865 34.079865 -118.299444 34.025448 1876bb2a105b8741672f35301b51e9b0136791479894b0637d26a01d67ba4b58
2 2 5.030861 22.100000 -118.520738 34.338739 -118.549395 34.216935 03d1d919a47bb4db9fdf8baa7c5a1a9e43a865084a6a3a24dc999e4daaa8b5f6
1 3 10.607445 19.500000 -118.220646 33.885522 -118.290461 33.732165 1bb93f28afc1545fd1462d99cb0d539be70ceafd157a226936a9f5157ce0804b
3 3 11.188021 70.850000 -118.374320 33.956557 -118.175924 33.901940 1e0ea45cdf088ea9053d04838c4f305c46ab516696f7c87e187de0207ed37eee
5 5 10.796551 18.850000 -118.386139 33.853340 -118.286471 33.888279 2e9ea03f0e15c6469963f61428d0e3fd3430f0ca0242a21691cf2d1b5b397e14
5 5 9.219059 84.500000 -118.265488 34.063069 -118.594109 34.200392 1509babf7c33948dc3e30f3c09d4e5b11593f0ce3691a110e051db7b99f72a11
4 1 1.129825 16.900000 -118.433992 34.169810 -118.279161 34.052659 331cfdb97c3a85d6aead7e0c7aa408796013e29f26348e9a86e5127f704067b1
5 5 18.137140 35.100000 -118.440588 34.153019 -118.343276 33.962608 3b29d403cd262079d478263334f7fe17106c3deb7a524a53d3f0bb7bbb1c96c0
3 5 16.407724 107.900000 -118.421722 34.249695 -118.675703 34.284999 28f0a16b3d8a94f1aaa0c04f7391c5a40924deb4054e54ab947710955b94ac70
3 5 18.514830 68.900000 -118.280731 33.951491 -118.288467 33.810238 40e6c0c96260c08af0bc0d8a921ed24252956d6470eb238afa57fe37a3cb1d05
5 3 8.140192 41.600000 -118.349267 34.093313 -118.593609 34.177244 331a9a34d4f76f3ac580ef66e17c61aaa673e3156ed519508728a3717251938c
1 4 14.603228 53.300000 -118.091872 33.848275 -118.026016 33.845406 11694817ae19ffd6b8b78a6f85305049db131832659c1c9c93c25788325e7f58
5 3 10.979484 23.400000 -118.282905 34.067444 -118.398766 33.967306 44c6a97e30f8a5e8280e5b90ead400c999f10b03e798e53897847f87da1fdd34
4 5 22.284793 26.000000 -118.596893 34.168848 -118.451889 34.197310 2af58d6135a857bac0f7b07b73409a4585fe0906b661e2a6628743fb4704eaa7
1 5 5.883475 35.750000 -118.588741 34.433742 -118.492437 34.313315 3825e843f4db9c9f1f9d8ae08b01a3be8ac31bb6335f20681af178b7bb7b74c9
3 3 9.540899 22.750000 -118.503215 34.164007 -118.328544 34.097347 04d0657460398346d9e21217bc2a3e1b8c1a47e414763d6f8831b165f5eff82f
2 5 15.506566 27.300000 -118.235669 34.138640 -118.156894 33.804664 1a531634c4fc2fad3bb2fbfb3ec6a5575b10b528474058e02f4ecad4c718e398
3 4 12.496158 42.250000 -118.311124 34.092981 -118.248071 34.058691 0a698aac17e8a1d2584efe0fa6b4db42d58d658837ef2191fd5dff9f6c927a62
4 1 1.213125 18.200000 -118.314204 33.890650 -118.233542 34.022721 10306ccbb1335fcad2f743640370b24dfcb3dcb6b152c699b882450cc5c81d91
1 3 9.684048 18.850000 -118.224801 33.923533 -118.279161 34.052659 62f78c0f7ff09897a5d705e5cab5c6b19b9ad928718db1bac4a46355170ddfb7
4 1 2.523954 33.800000 -118.377618 33.948153 -118.147766 33.876324 35b8cd7b47a3c7299dce2fa7f6f319e86a872906cdb140f6fe90dfd54e2b126f
2 5 4.729452 34.450000 -118.396386 34.022079 -118.261746 34.048282 3550b09ce09e47fee2928d114995fd63e07d804d7adcf827df69e97a14a3fc74
2 3 10.929023 33.800000 -118.527703 34.174702 -118.458006 33.986759 27978621f670a066b3de0f84db79817e48c2ed330a431e967e0af0466281cbab
2 5 12.304382 24.050000 -118.471665 34.146937 -118.337566 34.025789 2058df3b609863d53d6a1419708e822c00801109db6b7a60d17163dde3d06959
3 2 15.740572 35.100000 -118.286650 34.082228 -118.449069 34.058320 2ed6088dc8c6e8d40ab7e8461c719fa1c71fe38385e19b3d43590916d5109b4a
5 3 9.704730 22.100000 -118.450472 34.298297 -118.440588 34.153019 0260ad7a7edb3e230d8625960be5ce625c9a0bd43aefd838e6a1483d65979d9f
3 1 1.067194 33.150000 -118.371022 33.964960 -118.182137 33.861917 5b5c07622ee1d98f45dce839ea77b09529e3a36bda91ce5637b7c4b6f324256a
4 2 7.350189 31.200000 -118.576189 34.172923 -118.389233 34.186301 393c244545daaa0b8cad1db9d5ff4d7352fd3286b4946cfef41beee1e615955b
5 5 10.534915 22.100000 -118.784144 34.178308 -118.755859 34.152926 15f4a5d6407adef00f40f0fcbcd150555143d285302648b1250ba8a6e5a54eed
3 2 11.531617 40.300000 -118.417086 34.018036 -118.059810 34.001940 506b60f5b84a7b40f196e32b4ccaad2694c83592510b55f48da45d0722f5d02b
3 5 13.002613 33.800000 -118.008623 33.840978 -118.181310 33.815480 506c47b6b6642428411b7c5c572df1f2441bb1015ff10cec0e50ffdfc20d2cfd
4 5 20.209108 28.600000 -118.690017 34.150469 -118.510280 34.170372 514c26b6ef1686c9c12454d53499939e5562aa2869ea272d63eca7d2c3cf0f9d
2 1 2.212151 18.850000 -118.457544 34.304658 -118.624169 34.465451 52ababba93486423eb7a13342766033847ff0302cbfecb9b28867dcf5fdf927b
2 3 18.243243 49.400000 -118.273408 34.115816 -118.367591 34.144015 5a6baa52066b81a3ffd6c850b3ff1767830fb0e529afe0e88f2b4cb815d77bb4
3 4 12.577251 122.200000 -118.413329 34.003255 -118.449069 34.058320 10ec98a8d24f8c21d9080d7fbd8887d581bb9ed7537fbb8bcbe383ff89e1800f
1 2 16.324131 22.750000 -118.113380 33.890722 -118.360223 33.943785 366823dd308f311aa2f24ab659c1f518ff006964132e411c8e6d7ed9a90c771b
1 5 14.145739 22.750000 -118.145603 34.148300 -118.573398 34.204468 08677732236920ecefee6ac115857ba4b97218c7e40349119149a77ec7ad3521
1 4 17.178646 24.050000 -118.404744 34.268504 -118.329879 34.166862 265adb5ca6842fb8d3afa7e105a6b3864463b58691054b060ff64f5d605a2ecd
4 3 9.544325 52.000000 -118.249242 33.934319 -118.400142 34.036860 3ea4d226d616ccb733b49464b8842290430ef4b440822587dbffecdee529caff
3 1 4.006678 16.900000 -118.352709 34.448975 -118.586541 34.170886 4564a58fb32d021006e2dd56ba8676f83ece5ff5534bc1e7bb6e681b0bc502b8
2 4 19.909363 26.650000 -118.369081 34.042920 -118.121113 34.137516 5073874853774e015555bd4345261d3d8ffca80bc757addd25e81220ce250fbf
1 3 9.747292 33.150000 -118.370117 33.918572 -118.313548 34.038220 1c896f5d01b50f77fa92d0fa318c02f4c2991c57563998a5c84308df1c53c5e7
1 3 11.060970 27.300000 -118.447662 33.988784 -118.500333 34.025009 2d5fe3df5a74a98a79710b6a2ff269e34ce7884ac5fee8459f28ca54df1335e6
4 1 1.176919 29.250000 -118.226418 33.822280 -118.465059 33.993136 085c73bb1fad8b29033c8d83443239ac7a5b00ceb5238c8ad95fceb8a87fe2f1
5 5 15.272342 31.850000 -118.354974 34.030156 -118.399599 34.184278 09f222df4e234d70908587165b52d6344b7db1fcd2a5b0b06906bc7e76538895
2 5 18.296169 33.800000 -118.452830 34.243614 -118.466495 34.233193 1ab6588818f886e13c0e105e4135bc038f52e2d0bc8698d783f601fda6d2744c
4 4 19.030837 36.400000 -118.255553 34.088263 -118.369988 34.089276 2520116ae28210caba4e46409f5b814f3305683aca49e681a71ec71f4e66185a
1 5 15.367415 27.950000 -118.291707 34.166531 -118.364287 34.152411 331375dd2ded4cc6154e043bbed07b6f73017ffb4c29c901ea115e6f9978a95f
1 3 11.513580 31.200000 -118.075265 33.890299 -118.345963 34.101711 52b489fbcb33e77d6f1f96281f29a112eb6e0e876bf34a14892041c2dd0f12e3
5 5 26.968537 17.550000 -118.410494 34.034838 -118.258435 34.056681 261d68711fd78dbb9fe724d815b26063b47c77d5087278714dd8828f671d11f8
3 2 9.117771 37.050000 -118.325237 34.105745 -118.360674 33.966978 2c794c093a3a0a4ec620e0dacedb5865ddb3de9a855eb23a1fbc450c2f6abf29
1 2 10.079132 17.550000 -118.369212 33.872171 -118.283602 33.919888 37ea64e310a7b972a9d7582ac6374ac7632cd43024612ee253a999bd3c62d43d
5 1 3.621073 25.350000 -118.370569 33.941767 -118.023729 33.705992 4c63189c7fabe848ae1f0efddd5255b37626966494fda0ae5f12320720b5e17e
3 5 14.708887 30.550000 -118.290768 34.484225 -118.453301 34.266762 2136c2a58b258fd821c83683bf45b184f7b84f097edb0ba0dfb6e4d952921c2d
4 2 6.502352 35.750000 -118.104750 33.791422 -118.024872 33.775713 32bf741352f09d12b27d923a574caef636d615b05ff96c29b451befeb5cd495d
2 4 10.117886 17.550000 -118.148580 33.922749 -118.338013 34.048973 289c87c3fb1c9c8e45f893e94d9d7faebbbc83b5880cbdc095733477bef446a5
