-118.23931407149506 33.95952776875433
-118.18296527305853 33.908342076228934
-118.15148896984917 33.89113365306048
-118.2480710007812 34.05869082190819
-118.4203817594088 34.009634713732346
-118.16310910620015 33.76462009386008
-118.37192847112107 34.01133618486507
-118.34596315626582 34.10171073667013
-118.59410851032942 34.20039191556079
-118.03099027204654 34.147094071635145
-118.44152453694713 34.19933670603835
-118.21607392383062 33.82428473319486
-118.16636062980737 34.144293248836306
-118.38319110874588 34.05568025852962
-118.17094166436429 34.011559002851264
-118.1092625866178 33.85269014796778
-118.57028832770145 34.38319736578434
-118.61429662406807 34.49060311878001
-118.52392737311796 34.15994331900135
-118.42130867944334 34.05599327545058
-118.60396052871208 34.175204945381005
-118.79504373737964 34.052125141000914
-118.5192834181295 34.269327603791055
-118.26217687225096 34.07146711005012
-118.56699563713057 34.39158469595665
-118.31883096235904 33.95184567924905
-118.31662238162373 33.83582775451212
-118.2011664948448 33.76502782908133
-118.0126254363843 33.661482538939886
-118.03099027204654 34.147094071635145
-118.18462299072658 34.001155671243126
-118.22191224197665 33.95513898705453
-118.3397044090682 33.77696518606486
-118.0123290356917 33.85580021049394
-118.2286123627733 34.13225417533884
-118.21607392383062 33.82428473319486
-118.13870353902739 33.75379477150034
-118.61708212648945 34.459111194059986
-118.41708644265279 34.01803615316918
-118.09305810655617 33.91792879753176
-118.38034631232982 34.0872556340521
-118.29326721632627 34.06543117901731
-118.10740526346491 34.14790984998678
-118.02487201819201 33.7757127781005
-118.50514032468776 34.256609689535765
-118.22972528423948 33.81387261989386
-118.1108588554603 33.94554978154043
-118.34176331107656 34.06375453690845
-118.57618863529225 34.172923038552064
-118.2011664948448 33.76502782908133
-118.02781401882753 33.74406644904263
-118.1281678267726 34.14390930081812
-117.9983172971813 34.06029543263878
-118.12373750539369 33.88872501471135
-118.04022028656783 34.07552740670244
