5 5
37 34
23 21
18 16
21 19
45 43
90 87
32 31
24 24
30 27
21 19
28 26
43 41
18 18
14 12
19 18
29 27
9 9
24 20
27 25
20 20
19 19
17 15
21 21
25 24
10 10
58 51
19 19
85 80
6 5
36 31
4 4
28 26
34 31
18 18
9 8
35 33
8 6
21 20
7 7
42 40
11 11
27 24
8 8
40 38
21 20
26 25
11 9
21 21
6 6
72 68
12 12
32 30
40 40
116 110
3 3
29 28
15 15
35 33
1 1
69 64
29 28
13 9
22 20
20 19
18 11
28 28
21 21
45 41
8 8
23 21
25 23
11 11
1 1
27 24
23 23
28 26
33 31
40 39
13 10
16 16
26 26
28 24
4 4
88 83
2 2
34 30
25 23
7 6
8 8
53 47
6 4
58 55
4 4
45 43
3 2
32 31
26 26
23 21
15 15
21 19
1 1
65 61
4 4
37 34
12 12
39 37
1 1
55 51
6 6
33 31
9 6
37 31
7 7
71 63
6 5
75 70
9 8
51 40
7 7
73 71
15 14
20 19
24 24
51 49
5 4
38 36
11 9
24 23
8 8
36 35
21 14
31 31
27 25
84 76
32 30
32 31
35 32
18 17
6 5
20 20
3 3
38 35
29 28
22 21
26 23
37 33
10 9
62 59
55 45
20 19
63 62
3 3
63 56
10 10
19 18
16 16
33 29
22 20
16 15
13 12
29 27
26 24
24 23
23 23
29 28
4 2
38 38
11 11
63 58
9 9
28 24
22 22
42 39
3 3
24 22
4 3
29 27
29 27
18 15
10 10
57 55
9 9
39 35
3 3
47 43
10 9
29 28
51 48
19 19
26 22
14 14
32 30
72 72
55 52
6 6
39 36
14 12
18 14
4 4
63 58
7 5
60 60
14 14
41 37
4 2
35 34
11 9
37 35
5 5
24 21
6 6
28 24
11 11
14 13
43 36
20 20
40 36
50 50
78 72
9 9
39 37
10 10
38 35
15 14
17 15
23 23
38 36
2 2
75 72
26 23
24 24
16 16
23 21
18 16
21 21
38 38
121 107
1 1
38 36
15 14
24 24
13 13
59 47
39 36
45 42
11 9
40 38
27 25
34 32
11 10
32 31
20 20
71 67
19 16
32 29
7 7
27 23
13 13
62 56
22 19
33 32
1 1
62 58
27 25
42 42
4 4
47 44
14 14
29 26
8 8
162 156
14 14
24 22
18 18
81 72
3 3
43 40
8 7
34 34
2 2
47 41
4 3
33 33
7 5
22 20
3 3
48 45
8 8
44 37
2 2
36 34
10 9
75 70
25 23
11 11
10 9
22 21
29 28
82 81
15 14
15 15
28 28
163 102
10 10
19 16
16 16
40 38
68 68
103 98
42 41
66 65
22 20
45 44
45 41
6 6
33 30
18 17
26 23
23 22
34 33
18 17
19 18
15 15
30 27
16 16
52 49
3 3
28 25
7 7
25 22
13 13
47 39
10 10
46 43
1 1
55 51
11 11
30 26
25 22
37 32
18 16
21 18
12 11
41 40
14 12
38 36
11 9
28 25
21 20
45 42
16 15
37 37
23 23
23 21
11 9
20 20
41 38
32 30
162 158
7 7
41 28
19 18
18 17
14 14
28 23
10 10
74 70
5 4
22 22
22 22
21 19
14 14
39 37
20 18
27 24
19 19
27 26
12 12
40 37
7 6
57 46
38 37
20 19
21 19
26 24
6 6
43 42
12 11
16 16
3 3
57 54
5 4
24 23
3 2
40 37
33 31
16 16
16 15
46 40
9 8
20 19
