3 2
15 7
12 5
19 7
9 6
16 5
3 2
8 4
15 4
13 5
17 5
12 7
30 11
1 1
2 2
7 3
43 15
8 5
32 8
5 3
3 3
6 5
31 9
10 4
22 11
9 4
38 13
4 2
18 8
1 1
8 4
5 3
22 11
8 4
24 13
9 4
38 12
10 4
26 12
10 4
37 12
10 6
45 15
3 2
7 5
9 3
20 10
5 3
8 6
8 3
35 11
10 5
24 13
10 5
25 8
1 1
13 5
3 2
12 5
1 1
8 3
11 4
31 7
3 3
6 3
1 1
1 1
4 4
35 14
7 6
18 7
15 9
25 12
1 1
8 4
5 2
5 4
12 6
19 8
7 4
14 5
7 5
33 12
3 2
26 10
3 2
16 10
10 4
34 13
6 3
30 8
5 4
29 10
3 2
14 5
1 1
11 3
8 3
18 8
7 4
21 12
6 4
35 15
1 1
7 4
7 5
23 7
1 1
7 4
5 3
34 10
6 3
22 10
5 3
29 6
3 2
6 4
4 3
27 9
7 4
36 7
10 4
28 12
8 3
34 9
9 6
21 9
8 4
15 6
8 2
38 13
5 2
32 9
9 5
29 11
6 3
6 3
16 8
27 9
12 6
34 12
1 1
15 8
8 4
7 4
11 4
24 12
2 2
12 4
8 4
12 8
25 11
2 2
31 10
7 4
24 10
3 2
17 6
15 8
11 6
3 2
13 4
10 5
19 7
9 4
29 12
9 7
22 7
5 3
21 6
7 3
27 10
12 4
33 11
2 2
8 5
1 1
3 2
9 4
27 7
7 2
32 14
9 5
30 10
12 4
25 8
9 5
17 5
21 8
10 4
14 8
1 1
2 2
11 3
9 5
5 2
37 12
17 7
39 16
1 1
26 9
1 1
11 5
1 1
4 3
9 5
26 11
7 5
16 6
4 3
8 5
5 2
29 12
1 1
3 2
23 8
6 4
13 4
13 5
21 10
3 3
40 14
1 1
21 9
14 5
21 8
3 3
29 8
1 1
30 11
12 4
15 5
10 5
30 11
18 8
24 9
7 6
19 7
1 1
5 3
1 1
22 8
8 5
29 10
15 9
21 10
11 5
24 12
10 5
33 13
1 1
3 2
1 1
32 10
14 7
22 8
7 3
28 12
5 3
7 5
7 4
29 11
4 3
36 11
6 5
17 9
5 2
27 8
11 4
41 17
7 4
27 10
1 1
2 2
3 2
12 6
3 2
15 6
1 1
9 5
1 1
5 3
1 1
12 5
9 6
20 7
8 4
30 12
6 2
34 17
1 1
29 11
4 3
33 10
8 6
5 3
7 5
22 7
8 6
35 14
14 9
27 9
11 7
36 14
1 1
2 2
12 3
41 13
12 5
41 13
10 4
38 10
6 5
25 11
32 12
1 1
29 10
6 4
24 6
5 4
27 14
7 5
9 4
10 5
23 5
7 3
20 9
1 1
3 3
4 4
21 8
1 1
8 5
8 5
20 13
1 1
35 12
11 6
26 12
9 4
20 10
5 3
23 9
1 1
2 2
4 2
12 6
10 6
35 14
5 4
20 7
7 3
27 9
13 4
23 10
1 1
6 4
15 6
8 3
36 17
3 2
19 7
12 5
46 20
9 4
36 11
3 3
17 7
1 1
8 4
11 3
8 5
5 4
28 9
8 3
19 9
1 1
3 3
10 4
35 14
6 3
24 6
9 3
6 2
10 3
26 6
12 6
30 11
16 7
28 7
1 1
9 4
4 3
18 7
1 1
5 3
8 3
11 7
3 2
35 17
6 3
18 5
