22550043435a36656cc898cea2a1b5e86b6f79104287441083c185b6f2afc0ec
h 1 -118.46507516964738 34.16372945799118
2 6 -118.61431133597277 34.17316535575927
201a2f96a7c9d3607b1bc832b4bdc4e47ab842b4a82a84448d796ae3777db0e8
h 1 -118.22938155259632 33.98473326123279
2 3 -118.23600378115371 33.96792995449792
w 3 -118.25800500769022 34.03349373235484
118d0f38df1d020b8bcb0c157b9265f8a806ea03dc5e1b8f75ebd98594195f4c
h 1 -118.57060605944999 34.23600728434234
2 2 -118.56073950630675 34.2611862540894
w 1 -118.33095903407198 34.04258939242957
40bac9e52cfc4f239bcb5a120ae43d7071b2861ad35c29fd3c2019658c4af860
h 1 -118.38319110874588 34.05568025852962
2 3 -118.39080163177286 33.91453538492335
w 4 -118.48483844045097 34.11334840094582
0ded4dabee083f3d70c9d18ea9caa076b7ac34613045e0bff0d74447235aa73b
h 1 -118.04842998952785 34.15149916950865
w 4 -118.03099027204654 34.147094071635145
2 8 -118.13522294659779 34.15030199832194
09f222df4e234d70908587165b52d6344b7db1fcd2a5b0b06906bc7e76538895
h 1 -118.354974101438 34.030155913251924
2 3 -118.39959924774075 34.184278207073966
02490477ac75e726a723425c77950107c9ca02cdbc33e49995dbaae101cdfb54
h 1 -118.00930346004868 33.66989464881882
w 1 -118.00560409357124 33.655055596093355
2 3 -118.32854373402498 34.09734744558806
506b60f5b84a7b40f196e32b4ccaad2694c83592510b55f48da45d0722f5d02b
h 1 -118.07350778475463 33.99154648406138
2 4 -118.05981023203496 34.00194044838301
w 3 -118.41708644265279 34.01803615316918
075ca61234d88143f76406eb54dbedfb2b0f9d191ea36eb0fbf20748ab1a59ae
h 1 -118.4297235993982 34.302352659600494
2 3 -118.46084455096457 34.29626785462957
w 4 -118.3091388319317 34.17089505825575
4dd50ffd721447c6b8ac47f78f238b4ddb748da709ebcba88db7e1bc7ca61ca7
h 1 -118.05144628135612 33.70843771369627
2 1 -118.13951273388129 33.80025294121686
w 1 -118.26161030067293 33.854284628238524
043a2fb443c7bb061811938e86c2ff81f1ff86523cfd2eab2bc0d1286a820009
h 1 -118.29876752118928 34.17291045447479
2 3 -118.09702267445859 34.14990892353356
22c1fc3568c26c9ba83bad935e42b2222323a8194ebdf1cb12af9a98d5e7a6f6
h 1 -118.25481808924714 34.23568760860113
2 4 -118.45188867850246 34.1973096454619
473a4f98ce931bfac082f78d868be26247a3e12ddd2d972f9a0b362ddc55c3bc
h 1 -118.33890601869837 34.095330670618544
2 3 -118.16968247856582 34.135898602412176
1cd63a354c24d20ca9c3d30063d71f7c9077697d9510eb699605688ab1b34391
h 1 -118.12897550791519 34.190266064365396
2 3 -118.13270686722888 34.20504817272689
2e97894b2c9c81478e1a8d22659e6324bc2ac41af1cedf8f288ac2481a27619e
h 1 -118.49327694807397 34.01863642152289
2 4 -118.37432014496049 33.95655678746616
3c8372f3d33d65b088644702d5497ab3af6364df3430481c855aa67bbe4c9b10
h 1 -118.3973030305036 34.068437342794866
2 3 -118.39207746706882 34.154743224754355
3f7853009670dfa106d8fb8e64a6d096fdec49cd179b995c2c19981cce8cc9be
h 1 -118.31818056597461 34.099363426294914
2 3 -118.33890601869837 34.095330670618544
w 2 -118.27541750695353 34.037871914331916
086b430ac23e3c47be9453e744811a61dc4110b0fd6832ef2881318e287b4395
h 1 -118.35887234782618 33.87418709042452
2 3 -118.34881851901683 34.07013607110007
2058df3b609863d53d6a1419708e822c00801109db6b7a60d17163dde3d06959
h 1 -118.53147969737223 34.18945992867051
2 3 -118.33756623903439 34.025789258094825
2520116ae28210caba4e46409f5b814f3305683aca49e681a71ec71f4e66185a
h 1 -118.1796513893813 33.91674587572498
2 4 -118.36998756680964 34.08927558310282
w 1 -118.25555325524492 34.08826255639303
2de10f2108663b1c092c76ccfc1fe748f0f51b6c67bce7955ed191935bb4464b
h 1 -118.36804393051484 34.16718111305957
2 3 -118.2480710007812 34.05869082190819
1e0ea45cdf088ea9053d04838c4f305c46ab516696f7c87e187de0207ed37eee
h 1 -118.17674982847737 33.9483555029641
2 4 -118.17592425484969 33.901940079863856
w 1 -118.37432014496049 33.95655678746616
4419fbab4a840d2d1e539859bc7c4e8466142e94b5de1f69d9fbb37e8ed0749d
h 1 -118.5089171519451 34.2713609543863
2 3 -118.53623308085602 34.250508735954305
w 1 -118.26635149485992 34.10943140551122
52189f4c94ccb17b4a31e0a4220d7b767131390b3215d5209fd47a49f8d16237
h 1 -118.56452284971112 34.275933399767126
2 3 -118.5334287823786 34.282042088831375
w 1 -118.26217687225096 34.07146711005012
249d2bf5269f0db4190bf2eff06e845239128b92a7a5865249ceda575d601582
h 1 -118.66675618094679 34.038778462454005
2 4 -118.64936099876677 34.03445956653009
