265adb5ca6842fb8d3afa7e105a6b3864463b58691054b060ff64f5d605a2ecd
h 1 -118.38638644117222 34.21785331538048
2 3 -118.32987880257866 34.1668618753892
w 1 -118.40474405232932 34.26850354867292
08150acefc97e765b35486331271e3e5a4ece3d7f9ce0b76c0084f322e2bedf0
h 1 -118.2011664948448 33.76502782908133
2 3 -118.00748985700397 33.77127973797235
0260ad7a7edb3e230d8625960be5ce625c9a0bd43aefd838e6a1483d65979d9f
h 1 -118.44670074737061 34.283544345470645
2 4 -118.4405881084794 34.15301871242555
4641b18f2529a7a1cc5cfce6479fb298d5073cdb327c08b34d4dcde3fcfc8a72
h 1 -118.18835443524337 34.01595179000751
2 3 -118.22564643555073 33.969936925807175
33f4dd569dcc9bfaf14a8c4e6b816817e6c125534f082dca8e1c1af3ea7a4a00
h 1 -118.09345382613917 33.941140692303584
2 3 -118.15689396368322 33.804664245152836
2a08999af0543cc2e1d9a18dd3c362da20bb456b699cd4df467963b7561f6cf8
h 1 -118.34596315626582 34.10171073667013
2 3 -118.49327694807397 34.01863642152289
w 1 -118.24475856523819 34.06708913522846
35b8cd7b47a3c7299dce2fa7f6f319e86a872906cdb140f6fe90dfd54e2b126f
h 1 -118.16847274987443 33.87232370830737
2 2 -118.14776592507073 33.87632369768878
w 8 -118.37761753745787 33.94815320913903
3bf20f7c82dd06c11b875afdfaa71c0ae9469e3c6a1fb0d28fc5eb386a4cff53
h 1 -118.45235930762556 34.220463593478435
2 3 -118.38923277967127 34.1863009524603
085c73bb1fad8b29033c8d83443239ac7a5b00ceb5238c8ad95fceb8a87fe2f1
h 1 -118.47916684444377 34.00588795800352
2 2 -118.46505900569491 33.993136102000534
0a698aac17e8a1d2584efe0fa6b4db42d58d658837ef2191fd5dff9f6c927a62
h 1 -118.35827542696997 34.02175536754845
2 3 -118.2480710007812 34.05869082190819
0bbc78a480b0459a3f2f0664d600438b7211a820e98a00905eae9670499b2021
h 1 -118.23269294155902 33.97633178546554
2 5 -118.26836608900102 34.0314833737107
w 1 -118.23931407149506 33.95952776875433
16467f39ccdadf4205fc1e04772defdb642921e8861c591fd7764f836fd69435
h 1 -118.42321271359269 33.978048099797626
2 2 -118.44060937196136 33.982404960244374
w 2 -118.31487329557426 34.107760604856544
37ea64e310a7b972a9d7582ac6374ac7632cd43024612ee253a999bd3c62d43d
h 1 -118.32873620494533 33.926634450415634
2 2 -118.28360153691227 33.919887554918844
w 1 -118.36921191545383 33.87217087744617
346d67169478ac3f8a6fe6eacc3e7a9ea76e28ca3712765716f99c8dd863363b
h 1 -118.03022327458477 34.100714628104804
2 3 -118.34612900864907 33.93100897386329
08677732236920ecefee6ac115857ba4b97218c7e40349119149a77ec7ad3521
h 1 -118.12162315375998 33.96675913309704
2 2 -118.57339815740504 34.20446784230769
w 1 -118.14560304812667 34.148299881668954
0d41e17f3070690a474cc6d46f227c5185c3229980ea78c90b7f5a103eade6db
h 1 -118.33140415123476 34.065771124858294
2 3 -118.35542410656093 34.0533378839845
w 4 -118.27210817290435 34.04627125008177
1f640e4029077fa5f570f2d93f1622632d2def0feaa0335a7084069dd82ec2a4
h 1 -118.04022028656783 34.07552740670244
2 3 -118.1406534812774 34.06395289711616
w 1 -118.20489197182303 33.77984442604397
264fc167eedc3a6f52bd3c46eadf75dabbd69b46d0153df6683dca68bbda42be
h 1 -118.3397044090682 33.77696518606486
2 4 -118.30540471138399 33.79141020516487
298b7e395c0703080982ec3f19e0c1b68f119ce8a038be41de41dc588bef85e8
h 1 -118.27785818310095 33.9830899182199
2 4 -118.3842106795211 33.93134499836365
01934dfc17b80ab3cc98ed3df4d356b843986a6a8dd81d5e0b0d4d69fb83ef7d
h 1 -118.3353369600705 33.90982520683694
2 3 -118.35647468785794 33.92899300466666
11455a1ac404e0e1eef39597211634fe8ebf07ddd0d26d146e3a53f848b57bba
h 1 -118.4725865906073 34.02269154337598
2 5 -118.39830694578387 33.94411506048891
w 2 -118.32854373402498 34.09734744558806
29017c55157a3db3b659435893226643f26e5275d1a4ef7a284c4c8e6ede7a42
h 1 -118.40666345490537 34.19064913875998
2 3 -118.25843508432726 34.05668092239066
w 1 -118.4490606684051 34.22885680404908
2eeb6ff5dd91b354e9f7609a3824971deb9fa9a55d04da0b4fcb8dee34f492a7
h 1 -118.068227437466 33.8838880399642
2 3 -118.1941340400637 33.75861969448521
1bcff1ba6c9c8700a8a19c890e9fbf2e922b0ab308dc6eb15f85f6b3919dda14
h 1 -118.28621362929748 34.05904538281798
2 4 -118.34445063127856 34.20277753124257
2d5fe3df5a74a98a79710b6a2ff269e34ce7884ac5fee8459f28ca54df1335e6
h 1 -118.46553147867932 34.016316451752175
2 3 -118.50033284885511 34.02500938030985
