1a531634c4fc2fad3bb2fbfb3ec6a5575b10b528474058e02f4ecad4c718e398
h 1 -118.1709634184589 33.81748025316815
2 3 -118.15689396368322 33.804664245152836
62f78c0f7ff09897a5d705e5cab5c6b19b9ad928718db1bac4a46355170ddfb7
h 1 -118.27742439786883 33.95989414733254
2 3 -118.2791606147755 34.05265873973321
w 2 -118.22480060266284 33.92353280052355
403a38873e6b38de0a083bdd27ec9f641dccd8496d3958122fe009f2ca6632ac
h 1 -118.18337944568924 33.93155007576241
2 5 -118.1597565481469 33.96716123466448
w 4 -118.354974101438 34.030155913251924
06d510feb6dd498f3d84c6893f09fe39e8c7120a409d0645a175b9eb506e49c9
h 1 -118.40244080663012 34.152720667058546
2 3 -118.42321271359269 33.978048099797626
w 3 -118.30450824241498 34.10977563820843
4d344043c1f370baefda535654c73a878b659c1dd03120913c109b7acd014ddf
h 1 -118.2513828862943 34.050292150040086
2 3 -118.1373311414217 34.07235022207169
w 1 -118.27585118236586 34.06105751277867
248f5695715bcc2ab60751b8c6a8826569b13d3dba1ef07523ec013562fb6995
h 1 -118.36053054048651 34.13763878662183
2 2 -118.40022532317128 33.866117520151384
2af58d6135a857bac0f7b07b73409a4585fe0906b661e2a6628743fb4704eaa7
h 1 -118.5968927377213 34.16884751839199
2 3 -118.45188867850246 34.1973096454619
14dcdc42496a1504c760f5e1b8cd878dff4fe64edaa805bdbc856a13673d0f7b
h 1 -118.35587429771563 34.07651675707469
2 9 -118.3036289034268 34.06341761339183
w 1 -118.16392840427802 33.81107266755978
02277b0b13f0c9e8fff7aed5f4c4680f7d770a00d17e665d523a719dd9f6af89
h 1 -118.20489197182303 33.77984442604397
2 3 -118.17055221694204 33.79425670863872
506c47b6b6642428411b7c5c572df1f2441bb1015ff10cec0e50ffdfc20d2cfd
h 1 -118.0123290356917 33.85580021049394
2 3 -118.18131029161962 33.81547959331628
w 1 -118.00862318401354 33.84097809284396
54cabf3cc0654ae0e2a108d5d41064627df52212490e8a6703a8b86902ec5104
h 1 -118.46318432609694 34.07106752667285
2 5 -118.07958519279084 34.14551108552336
22c8d0a79d8f531d5107e83987a2817740f17177e34212814e45702b04529cf5
h 1 -118.29657519589703 34.05703245877825
2 3 -118.36293064702818 34.08289659451474
1ca38e86d53ea44cc47cd24ea78e07e3d4f8af3ef0567b1fb5ef95151ad47923
h 1 -118.231078615905 34.07749588610596
2 4 -118.19707259491237 34.115097448708795
5aa15deaa613f60233c187cc13142ed6c034031272925b9061850515704c5a48
h 1 -118.24219739116887 33.92792321572779
2 3 -118.26419373510713 33.99350176948636
w 2 -118.3102423103495 34.04661951112697
09ca289a35d02751195eedae93a68c34885cb42910699df12527e253c666c794
h 1 -118.37069741360092 33.77092264513137
2 4 -118.2011664948448 33.76502782908133
331a9a34d4f76f3ac580ef66e17c61aaa673e3156ed519508728a3717251938c
h 1 -118.42130867944334 34.05599327545058
2 3 -118.5936088210297 34.17724374474499
w 2 -118.3492674194299 34.093313101683194
55634bf2f78c51048234583f2a8eaeb2a4d5da18131e4c2fdeaeacf545a60190
h 1 -118.2248723949169 34.11747146193465
2 3 -118.2456137025812 34.11345302698687
w 1 -118.06861793036838 33.9071057977751
44a32159e625a9de3ba5aad5ac4f4ea919a9fc94653fe575eaf5a4c9079c223a
h 1 -118.65191557432462 34.15024758389336
2 3 -118.53525725806232 34.20421577984703
1bb93f28afc1545fd1462d99cb0d539be70ceafd157a226936a9f5157ce0804b
h 1 -118.2856005287875 33.84186015470893
2 3 -118.29046072336602 33.73216465554002
3ea4d226d616ccb733b49464b8842290430ef4b440822587dbffecdee529caff
h 1 -118.24924164814439 33.93431908711285
2 3 -118.40014231938676 34.036859609222866
46aa7291eb27bfb992c1a7518e73bf67e51d17c0f34a746d770d2f7581d2b5a4
h 1 -118.42043384255251 33.8388748575708
2 5 -118.3531759389604 33.93739719348048
w 6 -118.37852637763741 33.99453302158097
52ababba93486423eb7a13342766033847ff0302cbfecb9b28867dcf5fdf927b
h 1 -118.61429662406807 34.49060311878001
2 2 -118.62416886834635 34.46545142296691
w 1 -118.45754443730914 34.30465803394533
289c87c3fb1c9c8e45f893e94d9d7faebbbc83b5880cbdc095733477bef446a5
h 1 -118.0791916059763 34.12232546045353
2 2 -118.33801264767008 34.04897282775092
w 1 -118.14857973220758 33.92274905152921
55c0157594bf340ea353403fc5c8486cd02ffe444beae8b45ed3289d90f949f1
h 1 -118.32854373402498 34.09734744558806
2 3 -118.6009540324471 34.036252499128864
31bee92b62c7e113f099a7c85568a2f21b4224dd42bbad853a38d71fbf40abda
h 1 -118.37477382802182 33.97974732148029
2 4 -118.3936389369151 33.882931030085885
w 1 -118.36998756680964 34.08927558310282
2136c2a58b258fd821c83683bf45b184f7b84f097edb0ba0dfb6e4d952921c2d
h 1 -118.39060641284169 34.255768901583835
2 3 -118.45330115036826 34.26676204193514
11694817ae19ffd6b8b78a6f85305049db131832659c1c9c93c25788325e7f58
h 1 -118.1108588554603 33.94554978154043
2 2 -118.0260161116014 33.84540646613777
w 3 -118.09187192811324 33.848274785852155
56a251f94a702a9add3887bb21d4b24a8fdb7f193face76a7a549ea47e45ed92
h 1 -118.10168784946117 34.017160089163475
2 2 -118.35647468785794 33.92899300466666
3305d0cfa2f6dbe30f98b18cd550751647a07917d105b63d6c522a5abc66df4f
h 1 -118.03522465375039 33.773724183565534
2 3 -118.09068721800654 33.77859343077943
w 2 -118.32523746597936 34.10574477661842
