1fab8918bbb26ace3f0068419b9068584ef98bc15929cd6ba1c6fca99cce0bbf
h 1 -118.45471471928414 33.99516148947441
2 5 -118.50738931541905 34.0313814900266
09569518ca44a3e7f4ea216be9f6d3e53ee8596938b5c41be09a82746383dbf9
h 1 -118.44152453694713 34.19933670603835
2 4 -118.36053054048651 34.13763878662183
36caf7fa020b612832ff38e80a110e6befbeb4ab2870a2f53a55a30f2dc13b51
h 1 -118.31574022444013 33.78939930924505
2 3 -118.30122946301832 33.753379962707555
4564a58fb32d021006e2dd56ba8676f83ece5ff5534bc1e7bb6e681b0bc502b8
h 1 -118.56583523560147 34.17495961253271
2 3 -118.58654113618513 34.17088567373825
w 1 -118.35270928868835 34.44897499560364
467cff12ab9d8ca5c351683a3684e8a1eb602849e1db8d6a6017f5ba2fe417ea
h 1 -118.61102888390771 34.18156151683706
2 4 -118.36759086927059 34.14401503808006
w 1 -118.59889528625415 34.261425063822585
685c90b209afcb52a4b89ce4dbf0cdabd94fb0a09e1cdac374d3102214025325
h 1 -118.28759671672276 33.76379971384085
2 3 -118.31706373322811 33.85903743218275
w 1 -118.14187210135432 34.133513289206896
45124e36bb912463c922f2ca6dda2bf295516633450a38b339b11c30da494bd0
h 1 -118.28133492750308 34.16854471969887
2 4 -118.2672158488063 34.15578150125908
w 4 -118.2477546444318 34.22930809145175
23e3a2a3785f4416bfcf77584209de5faf01fbb51efc276fb22ffce8f300e11c
h 1 -118.28621362929748 34.05904538281798
2 4 -118.42743539757376 34.016013426897146
w 2 -118.31420435798637 33.89064982428014
0bca6b11ae0d64b023420881880f1082b6a09447aeb9d8aaa29e49b40dae7ae9
h 1 -118.46176824327893 34.00153848315629
2 3 -118.45800593601508 33.986758902609765
1311012540a041757ff211def52868fe5bce99597d91d5d0c9ac0a5d73e89340
h 1 -118.46600414685291 34.03949371602503
2 5 -118.32854373402498 34.09734744558806
w 1 -118.00008577145096 33.741618013351555
25f31c63b3d7155660cefc29b2beafcd3840d7c1e0b18292e247b9ec8df229ce
h 1 -118.44530621821988 34.04354509391629
2 3 -118.34176331107656 34.06375453690845
w 2 -118.53805905287831 34.17266888521124
31c3f0fea28267b355b1ab30e0597d7bc1f6f4f0149e991e61cacfb698939bfe
h 1 -118.45377236422978 34.28990652853938
2 2 -118.43679601529051 34.30871506213966
w 2 -118.35362520110776 33.9605914849765
1509babf7c33948dc3e30f3c09d4e5b11593f0ce3691a110e051db7b99f72a11
h 1 -118.26548785566794 34.06306884836443
2 12 -118.59410851032942 34.20039191556079
w 30 -118.26548785566794 34.06306884836443
2d32a1cfeebccb56a3b53407c178ce22354d7241ac73fb932d607ceb5c2db959
h 1 -118.49285739445988 34.16603774854955
2 4 -118.47213960484022 34.17009673931992
w 2 -118.39830694578387 33.94411506048891
393c244545daaa0b8cad1db9d5ff4d7352fd3286b4946cfef41beee1e615955b
h 1 -118.6006770704102 34.18360096030891
2 5 -118.38923277967127 34.1863009524603
w 2 -118.57618863529225 34.172923038552064
1ee85f9e6d0311c005a79aaec5618ae98a07a5d6e1ac062a3b380d6caba97dd7
h 1 -118.39583789251166 34.1695115315518
2 3 -118.34775803018051 34.194383975630736
w 2 -118.47777730759879 34.10697901187589
28ecdbc5374e94b7f982feb81dc0edaed941baa154cf7076f9888837c182e51b
h 1 -118.16597961079476 33.92715102007696
2 3 -118.1796513893813 33.91674587572498
3d71b57493ed19bbb371b379460f2305941f02b9f029fafe0179bbdfb6091e8b
h 1 -118.77653499500694 34.1488231478738
w 2 -118.75912778143075 34.14452829287012
2 3 -118.04557642791511 33.77173479785283
2075015940d0b754c034526d8fff3e048521ac2d890014ce72357abaca2a077b
h 1 -118.08190922813095 33.87349019697085
2 3 -118.09345382613917 33.941140692303584
2c0a4f1d47701dd981f2e77b3433045c4121e5237e7912d009b20f17a950cd4c
h 1 -118.00536390907875 34.06670188247058
2 4 -118.07018151653202 33.999946196860144
w 1 -118.15434598146126 34.05355360263603
5b5c07622ee1d98f45dce839ea77b09529e3a36bda91ce5637b7c4b6f324256a
h 1 -118.14776592507073 33.87632369768878
2 3 -118.18213744073384 33.86191691767924
w 2 -118.37102220466639 33.964960013853776
514c26b6ef1686c9c12454d53499939e5562aa2869ea272d63eca7d2c3cf0f9d
h 1 -118.65242712303713 34.17339584312518
2 3 -118.51028028555342 34.1703715615579
366823dd308f311aa2f24ab659c1f518ff006964132e411c8e6d7ed9a90c771b
h 1 -118.31862328054343 34.12253836035038
2 4 -118.36022343854562 33.94378456916613
w 12 -118.11338005460158 33.89072208401578
1a52f0003f313f85cb58f7b91c53a26fcfc17b8fd6b9e39b71278c50fa1b803c
h 1 -118.40397697050749 33.880911963636834
2 2 -118.50033284885511 34.02500938030985
00d5477bf190dc63e19b93fe1438e73c30300df026c0ac1ea016c409cc3532d6
h 1 -118.3614338922975 34.18397034244702
2 5 -118.37134812467019 34.158785956259564
w 2 -118.2443312617128 34.04390253163188
