40e6c0c96260c08af0bc0d8a921ed24252956d6470eb238afa57fe37a3cb1d05
h 1 -118.28890259406383 33.83345269830452
2 4 -118.28846712205889 33.81023805928791
296dcef6b0f5a226190c931d796513422518dfb0cec22d7c283dd7d794715f8e
h 1 -118.40673660052468 34.02005808957741
2 5 -118.3756817565132 34.02611915664438
44c6a97e30f8a5e8280e5b90ead400c999f10b03e798e53897847f87da1fdd34
h 1 -118.29657519589703 34.05703245877825
w 2 -118.28290464838628 34.067443950532834
2 3 -118.39876550497192 33.96730581163827
1c896f5d01b50f77fa92d0fa318c02f4c2991c57563998a5c84308df1c53c5e7
h 1 -118.31662238162373 33.83582775451212
2 3 -118.31354818979294 34.03821992432989
2e8cea524c7d0d79802285fafef2a83db29de77291ab1afbad456d18502385ae
h 1 -118.01451852180843 33.77770058116691
2 2 -118.13539022092641 33.76220425991896
2061647b74f228cae0cad89c72315268dcc0c58760b4aafbbcaa8aa0b0c93c7d
h 1 -118.39739039512965 33.897724372215066
2 6 -118.2950683210993 33.79342031546082
5271dc61f2930f5d306c38d73de499aca506f1e2df8e40e20d6c7e49b79c17ed
h 1 -118.33121552938262 34.23634811731894
w 1 -118.124841972038 34.152303314740394
2 4 -118.27340779207111 34.11581596598209
1f149085e0bb4928e3422deef0c4360135fde7d641cab4f52079723fb8571a2c
h 1 -118.36998756680964 34.08927558310282
2 4 -118.27872629144315 34.0294722214079
221a98569bf933defbbac518349cec5ee256e89f65e59164f624bf96547849cc
h 1 -118.12736081399925 34.09754002912755
2 3 -118.46084455096457 34.29626785462957
w 2 -118.08624415175436 34.12872282724027
5073874853774e015555bd4345261d3d8ffca80bc757addd25e81220ce250fbf
h 1 -118.25843508432726 34.05668092239066
2 4 -118.1211132850206 34.13751575610508
w 1 -118.36908146533759 34.042919781168486
04d0657460398346d9e21217bc2a3e1b8c1a47e414763d6f8831b165f5eff82f
h 1 -118.4923786685036 34.14287890505794
2 4 -118.32854373402498 34.09734744558806
346c3471e8c6c25f49152af0630d6061b3e7f81a2ad4a5b777d0cd4378627f0f
h 1 -118.40765799792501 34.066415508916876
2 2 -118.56254830103767 34.18335539828129
w 2 -118.26548785566794 34.06306884836443
293c043532a84bb650f025f2577b442067166c18142a9f70c48d8f6d5a846650
h 1 -118.53354990301956 34.45232336391162
2 3 -118.54722793588203 34.44190094091684
4dac3bd9c3de0a8f3ee2edb82d8d42bff1a27ab6c81ffd05298979a824afb6b6
h 1 -118.28186373421721 33.82705441526898
2 3 -118.2992430919768 33.831442537598114
w 1 -118.38466629149815 33.95453825506083
10ef250bb82cb995648a6c3ef176334a3ccbe639198012d0a346ba0759c688c3
h 1 -118.4725865906073 34.02269154337598
2 4 -118.41049416508427 34.034837969880485
w 3 -118.56419692766111 34.42309140149432
24faaf13e9aa350e85c388decf1837c76c74c6df15a27ec30fafda76c34cdf80
h 1 -118.06841824771514 34.101132900794646
2 3 -118.14560304812667 34.148299881668954
w 1 -118.34221073482482 34.086932828830655
03a2f3b3b97562cec9962791039093a6235f7849853df8811aaa67ce81ffaf91
h 1 -118.0064989191127 34.13628418929603
w 1 -118.47876578655392 34.323736227830864
2 4 -118.56090249537407 34.43147704171524
45dca1cb93e002dbfd6e338c561177f6168c65d263a26a3ef87d76239378c593
h 1 -118.47968076862713 34.19961829475293
2 4 -118.24101892542859 34.05230140825512
w 2 -118.53099292984756 34.166306529176325
542af74046564bd65b5a4383e5627124f0cb48a4cf72d12a2f925a2313158712
h 1 -118.33363250000701 34.18163312362955
2 3 -118.23718696164441 33.84349168707075
w 2 -118.27210817290435 34.04627125008177
3ce43b8ebc601af6b88e910a6a4621e6fc2eafb443876b7085c224077de28fd8
h 1 -118.42177242680053 34.079167913052466
2 3 -118.4405881084794 34.15301871242555
473060ef4b27e4df306d944f89de84c45b4ce005e5b7e7c208e799ad258a7140
h 1 -118.02934178015133 33.837001000621115
2 4 -118.0289596033074 33.813771898091105
w 1 -118.17382981549676 34.17385962576497
31531c647b8450fde303eaae6faaaa1593b20089011c46a023140cbcd2d408e3
h 1 -118.28664960809739 34.08222754483574
2 4 -118.47777730759879 34.10697901187589
027e23f999f5aa91e8268c134f783ffc24ffed675a6cdf273725719d039776cf
h 1 -118.37283548671049 34.05770001651731
2 4 -118.4241405346166 34.0244146604954
2c5428eea84f35531dcaf54d7fbe3c4c08b74b80bf3fea39bf3eb20e38a91245
h 1 -118.07096427974821 34.046347918965765
2 4 -118.13028089787086 34.065953552148876
w 1 -118.08989822566578 33.73212409721319
0535fcad32cc2ca94aa90ec6d95e7ec4cb620f479d2d5bff9f2f456f027f2ee5
h 1 -118.03317224584266 34.06912392341727
2 3 -118.46224007590338 34.024717921357265
w 1 -118.09836337081072 34.025558993756455
