297a58c53c87f9a7613a4435b61509d10f8b1899a2f2706a17b5d9c440c182f7
h 1 -118.40435984540086 34.07481461172342
2 5 -118.44060937196136 33.982404960244374
47ecbcdc3d3e073d1e20ad71d143115fc82190c1374c61e43f5fa9d0c259cb8b
h 1 -118.30693588159906 34.05501874095546
2 3 -118.20992177938955 34.0583244123004
3081557d8e031c3c84c4c6713a702523f71de8d47c74c5fbd1e7bcd108b10266
h 1 -118.36293064702818 34.08289659451474
2 2 -118.3879626838194 33.94613452900272
w 1 -118.11778698109357 34.145909975650355
4d93c97ee6218303eb178ac317180c5bafea6f472f0ce55b3d03962b14b3dc29
h 1 -118.2950683210993 33.79342031546082
2 4 -118.4053559309891 33.95049882443372
w 1 -118.26462493034454 34.01669388556231
463f3b2bd1a4456a641fb3bbd9cf56aa9505c660e13f69f816d7abde85bd4a4e
h 1 -118.40060163686658 34.060038033188356
2 3 -118.38649062223453 34.04728053599473
w 6 -118.35512608384518 33.85938907657306
261d68711fd78dbb9fe724d815b26063b47c77d5087278714dd8828f671d11f8
h 1 -118.24475856523819 34.06708913522846
2 2 -118.25843508432726 34.05668092239066
w 1 -118.41049416508427 34.034837969880485
03d1d919a47bb4db9fdf8baa7c5a1a9e43a865084a6a3a24dc999e4daaa8b5f6
h 1 -118.55926081830812 34.19175082533834
2 3 -118.54939507996991 34.21693495014278
37ef257325fc525cd0dc0ebd01b1ba4fbf37a0567224a2597fd3d9debad57f5f
h 1 -118.26966322581114 34.101034633739175
2 5 -118.2286123627733 34.13225417533884
07ad07ae308daaa3c935dee132a1a7719e525067df5f92197d0e129809fca519
h 1 -118.61759324048985 34.16476883730568
2 3 -118.77653499500694 34.1488231478738
w 1 -118.41332868925427 34.00325515322754
279bc3c9ed4b61dd9498e37f7c2f58737d96a25536a721be572bdbf0361a7b59
h 1 -118.52392737311796 34.15994331900135
2 3 -118.51067680087408 34.02297999485897
42c7fe7a2ee8ab70f5819cdb0f82949a6ffa04ab398f475c72d30f355cd8905c
h 1 -118.77976112743339 34.287621036289984
2 8 -118.76233232750204 34.28333606878655
w 1 -118.65119391818503 34.274350163205106
41cd10a9225f4d18b8363c0585e738db6b58dd5bdfdfb16e5e156eb7c7f2604a
h 1 -118.01413959226883 33.754462979371716
2 2 -118.15317317150371 33.78984678527333
w 1 -118.09583158180338 34.08034742431716
15f4a5d6407adef00f40f0fcbcd150555143d285302648b1250ba8a6e5a54eed
h 1 -118.76673268424692 34.17401638960341
2 6 -118.75585942198981 34.152926465693376
50a499fef8c68f35c94f7dd2ab73a3802de2d112bfcc266eb5c86418d8af5971
h 1 -118.31443141101187 34.084583483117676
2 3 -118.28577783070324 34.03586012079128
w 2 -118.08663921464685 34.15190719599702
27978621f670a066b3de0f84db79817e48c2ed330a431e967e0af0466281cbab
h 1 -118.61102888390771 34.18156151683706
2 3 -118.45800593601508 33.986758902609765
248f96872411793ea17e77ac691ed953b366a85a2da7fbad7021dd6935ce532c
h 1 -118.26174596897502 34.04828209721716
2 4 -118.34086901820477 34.01738865732327
w 2 -118.3356007530649 34.10372815379069
5d972a4cb6608f4b4d0f0b0b9aa9cf4699d8b267f6fd1dd4bf97ee078a9e04fa
h 1 -118.02060273371134 34.14908705193499
2 3 -118.03432447805473 34.138700562309
w 1 -118.40627618725527 33.99687474570028
331cfdb97c3a85d6aead7e0c7aa408796013e29f26348e9a86e5127f704067b1
h 1 -118.13619811540732 33.80866064215213
5b9641c70a1c2b176c8090287adf62fdbaae71b8acf055a1e69468fe103c7ea7
h 1 -118.6006770704102 34.18360096030891
2 3 -118.26548785566794 34.06306884836443
5fab599acd66af91b7aa8d9a10add9884b2954e395f986bc525e58bbf0339814
h 1 -118.32854373402498 34.09734744558806
2 4 -118.39318177550436 33.859728961026505
1cbd9d2452b2d22a9a6e99fce3226751c1292b79db57292a5646abe5e1b2bad5
h 1 -118.3738666492007 33.933363185151805
2 1 -118.44060937196136 33.982404960244374
w 6 -118.33712001483187 34.00260259892419
1876bb2a105b8741672f35301b51e9b0136791479894b0637d26a01d67ba4b58
h 1 -118.22691649620619 34.039520043381295
2 4 -118.29944405745943 34.02544753700891
w 4 -118.25886533881493 34.07986501286744
3825e843f4db9c9f1f9d8ae08b01a3be8ac31bb6335f20681af178b7bb7b74c9
h 1 -118.46131744351611 34.319407890343
2 3 -118.49243672841116 34.31331489062136
11dc336404f23be31264ee093121f19297ff086cc93b30fd2b4fd9e36e2ae589
h 1 -118.35467692005132 33.83618167964252
2 4 -118.2480710007812 34.05869082190819
w 1 -118.32060111325326 34.04460484821011
1f0e198204dd4b3fc68f2fee7c588fffe97432bb3904f212b5493984c8ad2700
h 1 -118.11801468035262 33.75778696934841
2 12 -118.07330729233135 33.7741704759831
w 4 -118.39318177550436 33.859728961026505
